  1.00000000   1.08643631   1.08643631   1.08643631 120.00000000 120.00000000 180.00000000   0.00000000   0.00000000  90.00000000
  2.00000000   1.06143631   1.08643631   1.08643631 120.00000000 120.00000000 180.00000000   0.00000000   0.00000000  90.00000000
  3.00000000   1.11143631   1.08643631   1.08643631 120.00000000 120.00000000 180.00000000   0.00000000   0.00000000  90.00000000
  4.00000000   1.13643631   1.08643631   1.08643631 120.00000000 120.00000000 180.00000000   0.00000000   0.00000000  90.00000000
  5.00000000   1.03643631   1.08643631   1.08643631 120.00000000 120.00000000 180.00000000   0.00000000   0.00000000  90.00000000
  6.00000000   0.98643631   1.08643631   1.08643631 120.00000000 120.00000000 180.00000000   0.00000000   0.00000000  90.00000000
  7.00000000   1.18643631   1.08643631   1.08643631 120.00000000 120.00000000 180.00000000   0.00000000   0.00000000  90.00000000
  8.00000000   1.21143631   1.08643631   1.08643631 120.00000000 120.00000000 180.00000000   0.00000000   0.00000000  90.00000000
  9.00000000   0.96143631   1.08643631   1.08643631 120.00000000 120.00000000 180.00000000   0.00000000   0.00000000  90.00000000
 10.00000000   1.23643631   1.08643631   1.08643631 120.00000000 120.00000000 180.00000000   0.00000000   0.00000000  90.00000000
 11.00000000   0.93643631   1.08643631   1.08643631 120.00000000 120.00000000 180.00000000   0.00000000   0.00000000  90.00000000
 12.00000000   1.28643631   1.08643631   1.08643631 120.00000000 120.00000000 180.00000000   0.00000000   0.00000000  90.00000000
 13.00000000   0.88643631   1.08643631   1.08643631 120.00000000 120.00000000 180.00000000   0.00000000   0.00000000  90.00000000
 14.00000000   1.38643631   1.08643631   1.08643631 120.00000000 120.00000000 180.00000000   0.00000000   0.00000000  90.00000000
 15.00000000   0.78643631   1.08643631   1.08643631 120.00000000 120.00000000 180.00000000   0.00000000   0.00000000  90.00000000
 16.00000000   1.48643631   1.08643631   1.08643631 120.00000000 120.00000000 180.00000000   0.00000000   0.00000000  90.00000000
 17.00000000   1.58643631   1.08643631   1.08643631 120.00000000 120.00000000 180.00000000   0.00000000   0.00000000  90.00000000
 18.00000000   1.68643631   1.08643631   1.08643631 120.00000000 120.00000000 180.00000000   0.00000000   0.00000000  90.00000000
 19.00000000   1.78643631   1.08643631   1.08643631 120.00000000 120.00000000 180.00000000   0.00000000   0.00000000  90.00000000
 20.00000000   1.08643631   1.06143631   1.08643631 120.00000000 120.00000000 180.00000000   0.00000000   0.00000000  90.00000000
 21.00000000   1.08643631   1.11143631   1.08643631 120.00000000 120.00000000 180.00000000   0.00000000   0.00000000  90.00000000
 22.00000000   1.08643631   1.13643631   1.08643631 120.00000000 120.00000000 180.00000000   0.00000000   0.00000000  90.00000000
 23.00000000   1.08643631   1.03643631   1.08643631 120.00000000 120.00000000 180.00000000   0.00000000   0.00000000  90.00000000
 24.00000000   1.08643631   0.98643631   1.08643631 120.00000000 120.00000000 180.00000000   0.00000000   0.00000000  90.00000000
 25.00000000   1.08643631   1.18643631   1.08643631 120.00000000 120.00000000 180.00000000   0.00000000   0.00000000  90.00000000
 26.00000000   1.08643631   1.21143631   1.08643631 120.00000000 120.00000000 180.00000000   0.00000000   0.00000000  90.00000000
 27.00000000   1.08643631   0.96143631   1.08643631 120.00000000 120.00000000 180.00000000   0.00000000   0.00000000  90.00000000
 28.00000000   1.08643631   1.23643631   1.08643631 120.00000000 120.00000000 180.00000000   0.00000000   0.00000000  90.00000000
 29.00000000   1.08643631   0.93643631   1.08643631 120.00000000 120.00000000 180.00000000   0.00000000   0.00000000  90.00000000
 30.00000000   1.08643631   1.28643631   1.08643631 120.00000000 120.00000000 180.00000000   0.00000000   0.00000000  90.00000000
 31.00000000   1.08643631   0.88643631   1.08643631 120.00000000 120.00000000 180.00000000   0.00000000   0.00000000  90.00000000
 32.00000000   1.08643631   1.38643631   1.08643631 120.00000000 120.00000000 180.00000000   0.00000000   0.00000000  90.00000000
 33.00000000   1.08643631   0.78643631   1.08643631 120.00000000 120.00000000 180.00000000   0.00000000   0.00000000  90.00000000
 34.00000000   1.08643631   1.48643631   1.08643631 120.00000000 120.00000000 180.00000000   0.00000000   0.00000000  90.00000000
 35.00000000   1.08643631   1.58643631   1.08643631 120.00000000 120.00000000 180.00000000   0.00000000   0.00000000  90.00000000
 36.00000000   1.08643631   1.68643631   1.08643631 120.00000000 120.00000000 180.00000000   0.00000000   0.00000000  90.00000000
 37.00000000   1.08643631   1.78643631   1.08643631 120.00000000 120.00000000 180.00000000   0.00000000   0.00000000  90.00000000
 38.00000000   1.08643631   1.08643631   1.06143631 120.00000000 120.00000000 180.00000000   0.00000000   0.00000000  90.00000000
 39.00000000   1.08643631   1.08643631   1.11143631 120.00000000 120.00000000 180.00000000   0.00000000   0.00000000  90.00000000
 40.00000000   1.08643631   1.08643631   1.13643631 120.00000000 120.00000000 180.00000000   0.00000000   0.00000000  90.00000000
 41.00000000   1.08643631   1.08643631   1.03643631 120.00000000 120.00000000 180.00000000   0.00000000   0.00000000  90.00000000
 42.00000000   1.08643631   1.08643631   0.98643631 120.00000000 120.00000000 180.00000000   0.00000000   0.00000000  90.00000000
 43.00000000   1.08643631   1.08643631   1.18643631 120.00000000 120.00000000 180.00000000   0.00000000   0.00000000  90.00000000
 44.00000000   1.08643631   1.08643631   1.21143631 120.00000000 120.00000000 180.00000000   0.00000000   0.00000000  90.00000000
 45.00000000   1.08643631   1.08643631   0.96143631 120.00000000 120.00000000 180.00000000   0.00000000   0.00000000  90.00000000
 46.00000000   1.08643631   1.08643631   1.23643631 120.00000000 120.00000000 180.00000000   0.00000000   0.00000000  90.00000000
 47.00000000   1.08643631   1.08643631   0.93643631 120.00000000 120.00000000 180.00000000   0.00000000   0.00000000  90.00000000
 48.00000000   1.08643631   1.08643631   1.28643631 120.00000000 120.00000000 180.00000000   0.00000000   0.00000000  90.00000000
 49.00000000   1.08643631   1.08643631   0.88643631 120.00000000 120.00000000 180.00000000   0.00000000   0.00000000  90.00000000
 50.00000000   1.08643631   1.08643631   1.38643631 120.00000000 120.00000000 180.00000000   0.00000000   0.00000000  90.00000000
 51.00000000   1.08643631   1.08643631   0.78643631 120.00000000 120.00000000 180.00000000   0.00000000   0.00000000  90.00000000
 52.00000000   1.08643631   1.08643631   1.48643631 120.00000000 120.00000000 180.00000000   0.00000000   0.00000000  90.00000000
 53.00000000   1.08643631   1.08643631   1.58643631 120.00000000 120.00000000 180.00000000   0.00000000   0.00000000  90.00000000
 54.00000000   1.08643631   1.08643631   1.68643631 120.00000000 120.00000000 180.00000000   0.00000000   0.00000000  90.00000000
 55.00000000   1.08643631   1.08643631   1.78643631 120.00000000 120.00000000 180.00000000   0.00000000   0.00000000  90.00000000
 56.00000000   1.08643631   1.08643631   1.08643631 119.59175171 119.59175171 180.00000000   1.00000000   0.00000000  90.00000000
 57.00000000   1.08643631   1.08643631   1.08643631 120.40824829 120.40824829 180.00000000  -1.00000000   0.00000000  90.00000000
 58.00000000   1.08643631   1.08643631   1.08643631 118.97937927 118.97937927 180.00000000   2.50000000   0.00000000  90.00000000
 59.00000000   1.08643631   1.08643631   1.08643631 121.02062073 121.02062073 180.00000000  -2.50000000   0.00000000  90.00000000
 60.00000000   1.08643631   1.08643631   1.08643631 117.95875855 117.95875855 180.00000000   5.00000000   0.00000000  90.00000000
 61.00000000   1.08643631   1.08643631   1.08643631 122.04124145 122.04124145 180.00000000  -5.00000000   0.00000000  90.00000000
 62.00000000   1.08643631   1.08643631   1.08643631 116.93813782 116.93813782 180.00000000   7.50000000   0.00000000  90.00000000
 63.00000000   1.08643631   1.08643631   1.08643631 123.06186218 123.06186218 180.00000000  -7.50000000   0.00000000  90.00000000
 64.00000000   1.08643631   1.08643631   1.08643631 115.91751710 115.91751710 180.00000000  10.00000000   0.00000000  90.00000000
 65.00000000   1.08643631   1.08643631   1.08643631 124.08248290 124.08248290 180.00000000 -10.00000000   0.00000000  90.00000000
 66.00000000   1.08643631   1.08643631   1.08643631 111.83503419 111.83503419 180.00000000  20.00000000   0.00000000  90.00000000
 67.00000000   1.08643631   1.08643631   1.08643631 128.16496581 128.16496581 180.00000000 -20.00000000   0.00000000  90.00000000
 68.00000000   1.08643631   1.08643631   1.08643631 107.75255129 107.75255129 180.00000000  30.00000000   0.00000000  90.00000000
 69.00000000   1.08643631   1.08643631   1.08643631 132.24744871 132.24744871 180.00000000 -30.00000000   0.00000000  90.00000000
 70.00000000   1.08643631   1.08643631   1.08643631  99.58758548  99.58758548 180.00000000  50.00000000   0.00000000  90.00000000
 71.00000000   1.08643631   1.08643631   1.08643631 140.41241452 140.41241452 180.00000000 -50.00000000   0.00000000  90.00000000
 72.00000000   1.08643631   1.08643631   1.08643631  95.50510257  95.50510257 180.00000000  60.00000000   0.00000000  90.00000000
 73.00000000   1.08643631   1.08643631   1.08643631 120.70710678 119.29289322 180.00000000   0.00000000   1.00000000  90.00000000
 74.00000000   1.08643631   1.08643631   1.08643631 119.29289322 120.70710678 180.00000000   0.00000000  -1.00000000  90.00000000
 75.00000000   1.08643631   1.08643631   1.08643631 121.76776695 118.23223305 180.00000000   0.00000000   2.50000000  90.00000000
 76.00000000   1.08643631   1.08643631   1.08643631 118.23223305 121.76776695 180.00000000   0.00000000  -2.50000000  90.00000000
 77.00000000   1.08643631   1.08643631   1.08643631 123.53553391 116.46446609 180.00000000   0.00000000   5.00000000  90.00000000
 78.00000000   1.08643631   1.08643631   1.08643631 116.46446609 123.53553391 180.00000000   0.00000000  -5.00000000  90.00000000
 79.00000000   1.08643631   1.08643631   1.08643631 125.30330086 114.69669914 180.00000000   0.00000000   7.50000000  90.00000000
 80.00000000   1.08643631   1.08643631   1.08643631 114.69669914 125.30330086 180.00000000   0.00000000  -7.50000000  90.00000000
 81.00000000   1.08643631   1.08643631   1.08643631 127.07106781 112.92893219 180.00000000   0.00000000  10.00000000  90.00000000
 82.00000000   1.08643631   1.08643631   1.08643631 112.92893219 127.07106781 180.00000000   0.00000000 -10.00000000  90.00000000
 83.00000000   1.08643631   1.08643631   1.08643631 134.14213562 105.85786438 180.00000000   0.00000000  20.00000000  90.00000000
 84.00000000   1.08643631   1.08643631   1.08643631 105.85786438 134.14213562 180.00000000   0.00000000 -20.00000000  90.00000000
 85.00000000   1.08643631   1.08643631   1.08643631 141.21320344  98.78679656 180.00000000   0.00000000  30.00000000  90.00000000
 86.00000000   1.08643631   1.08643631   1.08643631  98.78679656 141.21320344 180.00000000   0.00000000 -30.00000000  90.00000000
 87.00000000   1.08643631   1.08643631   1.08643631 155.35533906  84.64466094 180.00000000   0.00000000  50.00000000  90.00000000
 88.00000000   1.08643631   1.08643631   1.08643631  84.64466094 155.35533906 180.00000000   0.00000000 -50.00000000  90.00000000
 89.00000000   1.08643631   1.08643631   1.08643631 162.42640687  77.57359313 180.00000000   0.00000000  60.00000000  90.00000000
 90.00000000   1.08643631   1.08643631   1.08643631 119.96977768 119.96977768 176.53712874   0.00000000   0.00000000  91.00000000
 91.00000000   1.08643631   1.08643631   1.08643631 119.81136138 119.81136138 171.35890971   0.00000000   0.00000000  92.50000000
 92.00000000   1.08643631   1.08643631   1.08643631 119.24898695 119.24898695 162.83110129   0.00000000   0.00000000  95.00000000
 93.00000000   1.08643631   1.08643631   1.08643631 118.32317916 118.32317916 154.52168321   0.00000000   0.00000000  97.50000000
 94.00000000   1.08643631   1.08643631   1.08643631 117.05010222 117.05010222 146.52084495   0.00000000   0.00000000 100.00000000
 95.00000000   1.08643631   1.08643631   1.08643631 113.54811559 113.54811559 131.70778310   0.00000000   0.00000000 105.00000000
 96.00000000   1.08643631   1.08643631   1.08643631 108.93730447 108.93730447 118.71531590   0.00000000   0.00000000 110.00000000
 97.00000000   1.08643631   1.08643631   1.08643631  97.18075578  97.18075578  98.21321070   0.00000000   0.00000000 120.00000000
 98.00000000   1.08643631   1.08643631   1.08643631  83.12152514  83.12152514  83.86021038   0.00000000   0.00000000 130.00000000
 99.00000000   1.08643631   1.08643631   1.08643631  51.31781255  51.31781255  67.38013505   0.00000000   0.00000000 150.00000000
100.00000000   1.08643631   1.08643631   1.08643631  17.29833021  17.29833021  60.76251028   0.00000000   0.00000000 170.00000000
